000  
004  
011  
015  
023  
030  
031  
032  
035  
036  
037  
038  
039  
040  
041  
044  
045  
046  
047  
048  
049  
050  
051  
052  
055  
056  
057  
058  
059  
060  
061  
062  
063  
064  
065  
066  
069  
071  
072  
073  
074  
075  
076  
100  
101  
102  
103  
104  
105  
106  
107  
108  
109  
112  
113  
114  
115  
116  
117  
118  
119  
120  
121  
122  
123  
124  
125  
128  
129  
132  
133  
134  
135  
136  
137  
138  
139  
140  
141  
142  
143  
144  
145  
146  
147  
148  
149  
150  
151  
152  
153  
154  
155  
156  
157  
160  
161  
162  
163  
164  
165  
166  
167  
168  
169  
170  
171  
172  
173  
174  
175  
176  
177  
178  
179  
180  
181  
182  
183  
184  
185  
186  
187  
190  
191  
192  
193  
194  
195  
196  
197  
198  
199  
200  
201  
202  
203  
204  
205  
206  
207  
