0  
4  
11  
15  
23  
30  
31  
32  
35  
36  
37  
38  
39  
40  
41  
44  
45  
46  
47  
48  
49  
50  
51  
52  
55  
56  
57  
58  
59  
60  
61  
62  
63  
64  
65  
66  
69  
71  
72  
73  
74  
75  
76  
100  
101  
102  
103  
104  
105  
106  
107  
108  
109  
112  
113  
114  
115  
116  
117  
118  
119  
120  
121  
122  
123  
124  
125  
128  
129  
132  
133  
134  
135  
136  
137  
138  
139  
140  
141  
142  
143  
144  
145  
146  
147  
148  
149  
150  
151  
152  
153  
154  
155  
156  
157  
160  
161  
162  
163  
164  
165  
166  
167  
168  
169  
170  
171  
172  
173  
174  
175  
176  
177  
178  
179  
180  
181  
182  
183  
184  
185  
186  
187  
190  
191  
192  
193  
194  
195  
196  
197  
198  
199  
200  
201  
202  
203  
204  
205  
206  
207  
