   0.1 
   1.0000000e+00
   1.0000000e+00
   1.0000000e+00
   1.0000000e+00
   1.0000000e+00
   1.0000000e+00
   1.0000000e+00
   1.0000000e+00
   1.0000000e+00
   1.0000000e+00
   0.5 
   0.5 
   1.0000000e+00
   1.0000000e+00
   0.1 
   0.1
   1.0000000e+00
   1.0000000e+00
   1.0000000e+00
   1.0000000e+00
   1.0000000e+00
   1.0000000e+00
   1.0000000e+00
   1.0000000e+00
   1.0000000e+00
   1.0000000e+00
   1.0000000e+00
   1.0000000e+00
   1.0000000e+00
   1.0000000e+00
   1.0000000e+00
   1.0000000e+00
   1.0000000e+00
   1.0000000e+00
   1.0000000e+00
   1.0000000e+00
   1.0000000e+00
   1.0000000e+00
   1.0000000e+00
   1.0000000e+00
   1.0000000e+00
   1.0000000e+00
   1.0000000e+00
   1.0000000e+00
   1.0000000e+00
   1.0000000e+00
   1.0000000e+00
   1.0000000e+00
   1.0000000e+00
   1.0000000e+00
   1.0000000e+00
   1.0000000e+00
   1.0000000e+00
   1.0000000e+00
   1.0000000e+00
   1.0000000e+00
   1.0000000e+00
   1.0000000e+00
   1.0000000e+00
   1.0000000e+00
   1.0000000e+00
   1.0000000e+00
   1.0000000e+00
   1.0000000e+00
   1.0000000e+00
   1.0000000e+00
   1.0000000e+00
   1.0000000e+00
   1.0000000e+00
   1.0000000e+00
   1.0000000e+00
   1.0000000e+00
   1.0000000e+00
   1.0000000e+00
   1.0000000e+00
   1.0000000e+00
   1.0000000e+00
   1.0000000e+00
   1.0000000e+00
   1.0000000e+00
   1.0000000e+00
   1.0000000e+00
   1.0000000e+00
   1.0000000e+00
   1.0000000e+00
   1.0000000e+00
   1.0000000e+00
   1.0000000e+00
   1.0000000e+00
   1.0000000e+00
   1.0000000e+00
   1.0000000e+00
   1.0000000e+00
   1.0000000e+00
   1.0000000e+00
   1.0000000e+00
   1.0000000e+00
   1.0000000e+00
   1.0000000e+00
   1.0000000e+00
   1.0000000e+00
   1.0000000e+00
   1.0000000e+00
   1.0000000e+00
   1.0000000e+00
   1.0000000e+00
   1.0000000e+00
   1.0000000e+00
   1.0000000e+00
   1.0000000e+00
   1.0000000e+00
   1.0000000e+00
   1.0000000e+00
   1.0000000e+00
   1.0000000e+00
   1.0000000e+00
   1.0000000e+00
   1.0000000e+00
   1.0000000e+00
   1.0000000e+00
   1.0000000e+00
   1.0000000e+00
   1.0000000e+00
   1.0000000e+00
   1.0000000e+00
   1.0000000e+00
   1.0000000e+00
   1.0000000e+00
   1.0000000e+00
   1.0000000e+00
   1.0000000e+00
   1.0000000e+00
   1.0000000e+00
   1.0000000e+00
   1.0000000e+00
   1.0000000e+00
   1.0000000e+00
   1.0000000e+00
   1.0000000e+00
   1.0000000e+00
